{
 "cells": [
  {
   "cell_type": "code",
   "execution_count": 27,
   "metadata": {},
   "outputs": [],
   "source": [
    "from mat4py import loadmat\n",
    "import numpy as np\n",
    "data = loadmat('Project01_data.mat')"
   ]
  },
  {
   "cell_type": "code",
   "execution_count": 41,
   "metadata": {},
   "outputs": [
    {
     "name": "stdout",
     "output_type": "stream",
     "text": [
      "A=\n",
      "[[  0.4976 -16.      -9.      10.      16.      -2.    ]\n",
      " [  0.058  -11.      16.       0.      13.      17.    ]\n",
      " [  0.9783   4.       1.      10.     -11.      10.    ]\n",
      " [  0.0246  11.       3.     -16.      17.      -6.    ]\n",
      " [  0.1509 -13.     -19.       1.      -2.       1.    ]\n",
      " [  0.6284 -15.     -15.      -1.      -3.       9.    ]]\n",
      "B=\n",
      "[[-16.      -9.      10.      16.      -2.       0.1066]\n",
      " [-11.      16.       0.      13.      17.       0.4511]\n",
      " [  4.       1.      10.     -11.      10.       0.1943]\n",
      " [ 11.       3.     -16.      17.      -6.       0.8257]\n",
      " [-13.     -19.       1.      -2.       1.       0.1856]\n",
      " [-15.     -15.      -1.      -3.       9.       0.0642]]\n"
     ]
    }
   ],
   "source": [
    "a=np.array(data['A'])\n",
    "print(\"A=\")\n",
    "print(a)\n",
    "b=np.array(data['B'])\n",
    "print(\"B=\")\n",
    "print(b)"
   ]
  },
  {
   "cell_type": "code",
   "execution_count": 42,
   "metadata": {},
   "outputs": [
    {
     "name": "stdout",
     "output_type": "stream",
     "text": [
      "A*B=\n",
      "[[  64.0384     -513.4784     -227.024        42.9616     -424.9952\n",
      "     2.18494416]\n",
      " [-239.928      -662.522       156.58       -395.072       138.884\n",
      "     1.6570828 ]\n",
      " [  47.3472      145.1953     -161.217       218.6528       95.0434\n",
      "     8.96038678]\n",
      " [-416.3936     -102.2214      309.246      -177.6064      275.9508\n",
      "    -4.89357764]\n",
      " [  86.5856     -202.3581     -207.491        60.4144     -410.3018\n",
      "    -9.02121406]\n",
      " [ -12.0544     -341.6556     -139.716       -57.9456     -322.2568\n",
      "   -10.41871256]]\n"
     ]
    }
   ],
   "source": [
    "result=np.zeros((6,6), dtype=float)\n",
    "for i in range(len(a)):\n",
    "    for j in range(len(a[0])):\n",
    "        for k in range(len(a[0])):\n",
    "            result[i][j] += a[i][k] * b[k][j]\n",
    "print(\"A*B=\")           \n",
    "print(result)"
   ]
  },
  {
   "cell_type": "code",
   "execution_count": 40,
   "metadata": {
    "scrolled": true
   },
   "outputs": [
    {
     "name": "stdout",
     "output_type": "stream",
     "text": [
      "[ 1.00000000e+00 -8.88178420e-16  6.08451941e-12 -4.34586208e-11\n",
      "  1.25423413e-11  0.00000000e+00  0.00000000e+00  0.00000000e+00\n",
      "  0.00000000e+00  0.00000000e+00  6.84778043e+04]\n",
      "[ 0.00000000e+00  1.00000000e+00  2.79377838e-12 -1.99553154e-11\n",
      "  5.75954452e-12  0.00000000e+00  0.00000000e+00  0.00000000e+00\n",
      "  0.00000000e+00  0.00000000e+00  4.02480955e+04]\n",
      "[ 0.00000000e+00  0.00000000e+00  1.00000000e+00  5.38912898e-11\n",
      " -1.55537092e-11  0.00000000e+00  0.00000000e+00  0.00000000e+00\n",
      "  0.00000000e+00  0.00000000e+00  7.46506939e+04]\n",
      "[ 0.00000000e+00  0.00000000e+00 -1.95509024e-12  1.00000000e+00\n",
      " -4.03029209e-12  0.00000000e+00  0.00000000e+00  0.00000000e+00\n",
      "  0.00000000e+00  0.00000000e+00  3.23069879e+04]\n",
      "[ 0.00000000e+00  0.00000000e+00  1.04153449e-11 -7.43989657e-11\n",
      "  1.00000000e+00  3.55271368e-15  0.00000000e+00  0.00000000e+00\n",
      "  0.00000000e+00  0.00000000e+00  5.37995739e+04]\n",
      "[ 0.00000000e+00  0.00000000e+00  4.66849786e-12 -3.33468974e-11\n",
      "  9.62417568e-12  1.00000000e+00  0.00000000e+00  0.00000000e+00\n",
      "  0.00000000e+00  0.00000000e+00 -7.40452392e+04]\n",
      "[ 0.00000000e+00  0.00000000e+00 -3.18568597e-11  2.27558183e-10\n",
      " -6.56747738e-11  0.00000000e+00  1.00000000e+00  0.00000000e+00\n",
      "  0.00000000e+00  0.00000000e+00 -1.19696646e+05]\n",
      "[ 0.00000000e+00  0.00000000e+00  1.05417408e-11 -7.53026594e-11\n",
      "  2.17301028e-11  0.00000000e+00  0.00000000e+00  1.00000000e+00\n",
      "  0.00000000e+00  0.00000000e+00 -2.07655356e+04]\n",
      "[ 0.00000000e+00  0.00000000e+00  5.39900187e-12 -3.85680145e-11\n",
      "  1.11305873e-11  0.00000000e+00  0.00000000e+00  0.00000000e+00\n",
      "  1.00000000e+00  0.00000000e+00  8.22234157e+04]\n",
      "[ 0.00000000e+00  0.00000000e+00  2.20275119e-16 -1.57356317e-15\n",
      "  4.54222465e-16  0.00000000e+00  0.00000000e+00  0.00000000e+00\n",
      "  0.00000000e+00  1.00000000e+00  1.17030194e+04]\n"
     ]
    }
   ],
   "source": [
    "import numpy as np\n",
    "z=np.array(data['Z'])\n",
    "z=z.astype(float)\n",
    "for i in range(10):\n",
    "    if z[i][i] == 0.0:\n",
    "        sys.exit('Divide by zero detected!')\n",
    "        \n",
    "    for j in range(10):\n",
    "        if i != j:\n",
    "            ratio = z[j][i]/z[i][i]\n",
    "\n",
    "            for k in range(11):\n",
    "                z[j][k] = z[j][k] - ratio * z[i][k]\n",
    "for i in range(10):\n",
    "    z[i][10]=z[i][10]/z[i][i]\n",
    "    z[i][i]/=z[i][i]\n",
    "    \n",
    "for row in z:\n",
    "    print (row)"
   ]
  }
 ],
 "metadata": {
  "kernelspec": {
   "display_name": "Python 3",
   "language": "python",
   "name": "python3"
  },
  "language_info": {
   "codemirror_mode": {
    "name": "ipython",
    "version": 3
   },
   "file_extension": ".py",
   "mimetype": "text/x-python",
   "name": "python",
   "nbconvert_exporter": "python",
   "pygments_lexer": "ipython3",
   "version": "3.8.5"
  }
 },
 "nbformat": 4,
 "nbformat_minor": 4
}
